0 0 0 0 0 1 1 1 2 2 3 3 3 4 4 4 4 3 3 3 2 2 1 1 1 0 0 0 0 0 
0 0 0 0 1 1 2 2 3 4 4 5 6 6 7 7 6 6 5 4 4 3 2 2 1 1 0 0 0 0 
0 0 0 1 1 2 3 4 5 6 8 9 10 11 11 11 11 10 9 8 6 5 4 3 2 1 1 0 0 0 
0 0 1 1 2 3 4 6 8 10 12 14 16 17 18 18 17 16 14 12 10 8 6 4 3 2 1 1 0 0 
0 1 1 2 3 5 7 9 12 16 19 22 25 27 28 28 27 25 22 19 16 12 9 7 5 3 2 1 1 0 
1 1 2 3 5 7 10 14 18 23 28 33 37 40 42 42 40 37 33 28 23 18 14 10 7 5 3 2 1 1 
1 2 3 4 7 10 14 20 26 33 40 48 54 58 60 60 58 54 48 40 33 26 20 14 10 7 4 3 2 1 
1 2 4 6 9 14 20 27 36 46 56 65 74 80 83 83 80 74 65 56 46 36 27 20 14 9 6 4 2 1 
2 3 5 8 12 18 26 36 48 60 74 87 98 106 110 110 106 98 87 74 60 48 36 26 18 12 8 5 3 2 
2 4 6 10 16 23 33 46 60 77 94 110 124 134 140 140 134 124 110 94 77 60 46 33 23 16 10 6 4 2 
3 4 8 12 19 28 40 56 74 94 115 134 152 164 171 171 164 152 134 115 94 74 56 40 28 19 12 8 4 3 
3 5 9 14 22 33 48 65 87 110 134 158 178 193 201 201 193 178 158 134 110 87 65 48 33 22 14 9 5 3 
3 6 10 16 25 37 54 74 98 124 152 178 201 217 226 226 217 201 178 152 124 98 74 54 37 25 16 10 6 3 
4 6 11 17 27 40 58 80 106 134 164 193 217 235 245 245 235 217 193 164 134 106 80 58 40 27 17 11 6 4 
4 7 11 18 28 42 60 83 110 140 171 201 226 245 255 255 245 226 201 171 140 110 83 60 42 28 18 11 7 4 
4 7 11 18 28 42 60 83 110 140 171 201 226 245 255 255 245 226 201 171 140 110 83 60 42 28 18 11 7 4 
4 6 11 17 27 40 58 80 106 134 164 193 217 235 245 245 235 217 193 164 134 106 80 58 40 27 17 11 6 4 
3 6 10 16 25 37 54 74 98 124 152 178 201 217 226 226 217 201 178 152 124 98 74 54 37 25 16 10 6 3 
3 5 9 14 22 33 48 65 87 110 134 158 178 193 201 201 193 178 158 134 110 87 65 48 33 22 14 9 5 3 
3 4 8 12 19 28 40 56 74 94 115 134 152 164 171 171 164 152 134 115 94 74 56 40 28 19 12 8 4 3 
2 4 6 10 16 23 33 46 60 77 94 110 124 134 140 140 134 124 110 94 77 60 46 33 23 16 10 6 4 2 
2 3 5 8 12 18 26 36 48 60 74 87 98 106 110 110 106 98 87 74 60 48 36 26 18 12 8 5 3 2 
1 2 4 6 9 14 20 27 36 46 56 65 74 80 83 83 80 74 65 56 46 36 27 20 14 9 6 4 2 1 
1 2 3 4 7 10 14 20 26 33 40 48 54 58 60 60 58 54 48 40 33 26 20 14 10 7 4 3 2 1 
1 1 2 3 5 7 10 14 18 23 28 33 37 40 42 42 40 37 33 28 23 18 14 10 7 5 3 2 1 1 
0 1 1 2 3 5 7 9 12 16 19 22 25 27 28 28 27 25 22 19 16 12 9 7 5 3 2 1 1 0 
0 0 1 1 2 3 4 6 8 10 12 14 16 17 18 18 17 16 14 12 10 8 6 4 3 2 1 1 0 0 
0 0 0 1 1 2 3 4 5 6 8 9 10 11 11 11 11 10 9 8 6 5 4 3 2 1 1 0 0 0 
0 0 0 0 1 1 2 2 3 4 4 5 6 6 7 7 6 6 5 4 4 3 2 2 1 1 0 0 0 0 
0 0 0 0 0 1 1 1 2 2 3 3 3 4 4 4 4 3 3 3 2 2 1 1 1 0 0 0 0 0 

